layer1:
(0,6600),(600,6600),(600,7800),(0,7800)
(0,3000),(3000,3000),(3000,0),(4200,0),(4200,5400),(0,5400)
(0,10800),(600,10800),(600,11100),(3600,11100),(3600,10800),(4800,10800),(4800,12000),(0,12000)
(7200,0),(8400,0),(8400,3000),(10200,3000),(10200,5400),(7200,5400)
(9600,6600),(10200,6600),(10200,7800),(9600,7800)
(6600,10800),(7800,10800),(7800,11100),(9600,11100),(9600,10800),(10200,10800),(10200,12000),(6600,12000)
(9600,13200),(10200,13200),(10200,13800),(9600,13800)
layer2:
(0,900),(10200,900),(10200,1500),(6300,1500),(6300,3000),(5100,3000),(5100,1500),(0,1500)
(2100,2400),(2700,2400),(2700,5700),(7200,5700),(7200,6000),(7500,6000),(7500,7200),(6300,7200),(6300,6300),(2700,6300),(2700,10500),(3300,10500),(3300,12600),(2100,12600)
(4500,8700),(5700,8700),(5700,9600),(8700,9600),(8700,2400),(9300,2400),(9300,12600),(8100,12600),(8100,10200),(4500,10200)
layer3:
(0,3900),(300,3900),(300,4500),(0,4500)
(0,6900),(300,6900),(300,7500),(0,7500)
(0,11100),(300,11100),(300,11700),(0,11700)
(3300,0),(3900,0),(3900,300),(3300,300)
(3300,4500),(3900,4500),(3900,5100),(3300,5100)
(3900,11100),(4500,11100),(4500,11700),(3900,11700)
(4800,9000),(5400,9000),(5400,9600),(4800,9600)
(5400,2100),(6000,2100),(6000,2700),(5400,2700)
(6600,6300),(7200,6300),(7200,6900),(6600,6900)
(6900,11100),(7500,11100),(7500,11700),(6900,11700)
(7500,0),(8100,0),(8100,300),(7500,300)
(7500,4500),(8100,4500),(8100,5100),(7500,5100)
(9900,3900),(10200,3900),(10200,4500),(9900,4500)
(9900,6900),(10200,6900),(10200,7500),(9900,7500)
(9900,11100),(10200,11100),(10200,11700),(9900,11700)
(9900,13500),(10200,13500),(10200,13800),(9900,13800)
layer4:
(0,3600),(600,3600),(600,9900),(0,9900)
(1800,0),(4200,0),(4200,600),(1800,600)
(3000,4200),(4500,4200),(4500,8700),(5700,8700),(5700,9900),(4500,9900),(4500,10800),(4800,10800),(4800,12000),(3300,12000),(3300,5400),(3000,5400)
(6000,0),(8400,0),(8400,600),(6000,600)
(0,1500),(10200,1500),(10200,2700),(6300,2700),(6300,3000),(5100,3000),(5100,2700),(0,2700)
(6300,6000),(6900,6000),(6900,4200),(8400,4200),(8400,5400),(8100,5400),(8100,12000),(6600,12000),(6600,10800),(6900,10800),(6900,7200),(6300,7200)
(9600,3600),(10200,3600),(10200,9900),(9600,9900)
(0,10800),(600,10800),(600,13200),(9600,13200),(9600,10800),(10200,10800),(10200,13800),(0,13800)
layer5:
(0,9000),(300,9000),(300,9600),(0,9600)
(2100,0),(2700,0),(2700,300),(2100,300)
(6300,0),(6900,0),(6900,300),(6300,300)
(9900,9000),(10200,9000),(10200,9600),(9900,9600)
layer6:
(0,0),(600,0),(600,13800),(0,13800)
(1800,0),(4200,0),(4200,13800),(3000,13800),(3000,600),(1800,600)
(6000,0),(7200,0),(7200,13800),(6000,13800)
(9600,0),(10200,0),(10200,13800),(9600,13800)
marker:
(0,0),(10200,0),(10200,13800),(0,13800)